12
13  9   1   3   
6   10  5   11  
14  4   12  15  
8   2   7       

2   3   7   6   
15  8   12  4   
9   1   11  5   
14  10  13      

6   10  2   1   
13  11  15  5   
7   12  14  8   
4   3   9       

13  15  11  6   
1   14  9   7   
8   4   5   10  
3   2   12      

14  8   15  5   
11  12  1   7   
3   10  2   9   
6   13  4       

3   6   9   
5   4   1   
10  2       

8   3   2   
9   6   7   
10  4       

9   3   10  
6   1   8   
4   5       

2   6   10  
3   9   5   
4   8       

5   4   1   
8   7   9   
3   10      

97   19   104  103  93   91   48   51   85   56   
15   87   72   37   52   49   24   44   41   86   
31   33   75   101  70   61   47   67   62   74   
83   34   25   11   71   57   80   58   79   54   
84   82   99   92   43   16   107  12   39   90   
17   22   105  100  30   26   53   95   76   23   
42   106  38   28   14   64   32   65   94   21   
46   55   69   27   73   68   13   78   96   10   
18   35   50   63   59   20   88   36   77   108  
81   66   45   89   102  60   29   98   40        

93   77   56   84   60   66   89   82   64   101  
78   12   28   49   62   45   13   63   42   88   
33   35   67   14   25   29   23   38   95   48   
50   40   103  102  44   72   107  58   34   27   
15   41   79   16   10   86   80   57   54   32   
20   43   55   36   22   85   69   73   39   37   
65   47   52   96   97   94   100  68   17   26   
87   70   108  91   105  46   98   71   30   31   
51   99   74   106  24   90   59   21   75   104  
76   11   92   19   83   53   81   61   18        

